Sala dos professores{
on - >
       
uint16_t Ligar[197] = {6012, 7426,  512, 1712,  548, 1622,  510, 1736,  522, 1624,  508, 1742,  496,
                       1646,  508, 1736,  522, 1624,  508, 672,  498, 580,  506, 674,  522, 556,  508,
                       670,  520, 556,  510, 672,  518, 560,  508, 1738,  522, 1620,  512, 1736,  520,
                       1664,  470, 1738,  500, 1648,  506, 1738,  522, 1624,  528, 654,  496, 626,  456,
                       674,  520, 556,  534, 646,  520, 558,  508, 670,  522, 552,  512, 1736,  522, 1628,
                       524, 1718,  520, 1626,  528, 1714,  524, 1682,  520, 1664,  524, 1664,  544, 558,
                       506, 670,  522, 594,  472, 672,  516, 598,  522, 618,  524, 594,  520, 560,  580, 
                       1626,  508, 608,  582, 564,  556, 1682,  526, 556,  558, 1696,  512, 1626,  504,
                       1740,  524, 552,  510, 1742,  522, 1620,  506, 670,  526, 1618,  512, 680,  514,
                       554,  510, 672,  522, 1622,  506, 1742,  520, 1622,  508, 680,  516, 1618,  510,
                       636,  556, 1622,  510, 1700,  558, 552,  514, 676,  514, 556,  510, 1700,  562, 548,
                       514, 1740,  520, 554,  506, 676,  520, 552,  508, 1746,  516, 554,  508, 1744,  520,
                       554,  508, 1742,  518, 558,  508, 674,  518, 1622,  510, 668,  526, 1618,  512, 672,
                       522, 1618,  512, 670,  522, 1622,  510, 1738,  522, 7412,  524};  // UNKNOWN 677516E5

off - >

uint16_t Desligar[197] = {6100, 7412,  522, 1628,  504, 1742,  520, 1622,  510, 1712,  546, 1624,  510, 1736,
                         524, 1620,  512, 1738,  498, 582,  506, 674,  520, 558,  508, 670,  524, 552,  508,
                         672,  526, 552,  564, 616,  522, 1662,  524, 1684,  524, 1660,  526, 1682,  522, 1662,
                         524, 1622,  588, 1662,  522, 1684,  524, 594,  526, 558,  504, 646,  520, 556,  512,
                         670,  522, 554,  508, 674,  522, 556,  562, 1686,  522, 1662,  470, 1742,  518, 1622,
                         510, 1740,  520, 1660,  470, 1726,  536, 1628,  504, 672,  522, 556,  562, 556,  584,
                         598,  522, 558,  506, 636,  558, 556,  506, 682,  514, 1620,  512, 1744,  516, 556,  512,
                         1736,  522, 554,  510, 1738,  526, 1618,  512, 1740,  522, 554,  510, 674,  518, 1622,
                         512, 674,  518, 1624,  510, 672,  520, 554,  564, 558,  530, 1676,  562, 1686,  518, 1664,
                         528, 584,  500, 1720,  524, 592,  468, 1742,  522, 1620,  512, 674,  518, 556,  510, 672,
                         522, 1622,  508, 672,  520, 1624,  508, 670,  524, 556,  510, 668,  522, 1664,  524, 596,
                         536, 1670,  522, 596,  536, 1670,  522, 600,  466, 672,  522, 1622,  506, 674,  522, 1618,
                         514, 670,  522, 1622,  512, 674,  518, 1624,  510, 1738,  526, 7438,  522};  // UNKNOWN C3D068E9

}

Lab 2{
on - > 

uint16_t Ligar[91] = {9034, 4524,  572, 604,  542, 632,  540, 1758,  544,
                        632,  540, 1758,  544, 630,  544, 630,  544, 630,  542,
                        636,  538, 1758,  542, 632,  568, 606,  542, 632,  542,
                        634,  544, 1754,  542, 1756,  566, 608,  570, 606,  570,
                        604,  568, 606,  568, 610,  538, 636,  566, 606,  568, 610,
                        540, 634,  570, 604,  568, 606,  542, 634,  540, 634,  540,
                        634,  544, 630,  542, 634,  540, 634,  542, 630,  570, 606,
                        540, 632,  572, 602,  546, 630,  566, 606,  570, 606,  544,
                        1758,  566, 1728,  572, 1726,  542, 632,  544};  // UNKNOWN 90266976
Off ->
                        
uint16_t Desligar[91] = {9062, 4494,  546, 632,  568, 608,  568, 1728,  542, 636,  540,
                        634,  566, 612,  538, 634,  568, 606,  540, 636,  540, 1758,  542,
                        634,  538, 636,  542, 1756,  542, 634,  538, 1758,  542, 634,  542,
                        632,  542, 636,  534, 636,  540, 636,  540, 630,  568, 608,  542, 632,
                        540, 636,  542, 634,  538, 634,  572, 604,  538, 634,  542, 632,  562,
                        612,  542, 636,  536, 676,  502, 632,  542, 636,  540, 632,  558, 616,
                        560, 616,  540, 634,  544, 632,  540, 634,  568, 1728,  568, 1730,  544,
                        1756,  538, 1758,  544};  // UNKNOWN FF5ADE89

}

Lab 3{

on - >

uint16_t on[199] = {4536, 4542,  552, 1668,  554, 572,  550, 1670,  548, 1670,  548, 576,  548, 572,
                        550, 1632,  588, 574,  550, 574,  550, 1668,  548, 538,  584, 574,  550, 1676,
                        542, 1678,  544, 576,  542, 1668,  554, 538,  586, 1668,  552, 1668,  550, 1660,
                        556, 1630,  594, 572,  552, 1668,  548, 1678,  544, 1674,  542, 584,  540, 572,
                        550, 576,  548, 580,  538, 1670,  554, 574,  546, 580,  544, 1630,  588, 1664,  554,
                        1670,  548, 574,  550, 576,  548, 572,  548, 580,  544, 578,  544, 536,  584, 536, 
                        590, 568,  552, 1678,  540, 1640,  582, 1670,  550, 1672,  548, 1676,  544, 5210,  
                        4536, 4542,  550, 1678,  540, 572,  552, 1674,  544, 1678,  540, 578,  548, 584,  
                        536, 1678,  542, 574,  550, 576,  546, 1670,  550, 540,  584, 572,  548, 1670,  552, 
                        1668,  552, 570,  552, 1674,  544, 580,  544, 1668,  552, 1674,  546, 1668,  550, 1668,  
                        550, 578,  542, 1638,  582, 1672,  548, 1672,  548, 572,  550, 582,  540, 582,  544, 
                        572,  546, 1672,  548, 532,  592, 572,  546, 1680,  544, 1668,  550, 1668,  552, 578,  
                        542, 574,  550, 574,  546, 538,  588, 582,  542, 570,  554, 570,  550, 534,  590, 1670,  
                        550, 1668,  552, 1700,  520, 1666,  552, 1608,  612};  // COOLIX B27BE0
                        
                        uint64_t data = 0xB27BE0;

off - >

uint16_t rawData[199] = {4536, 4542,  552, 1668,  554, 572,  550, 1670,  548, 1670,  548, 576,  548, 572,  550,
                         1632,  588, 574,  550, 574,  550, 1668,  548, 538,  584, 574,  550, 1676,  542, 1678, 
                         544, 576,  542, 1668,  554, 538,  586, 1668,  552, 1668,  550, 1660,  556, 1630,  594, 
                         572,  552, 1668,  548, 1678,  544, 1674,  542, 584,  540, 572,  550, 576,  548, 580,  538,
                         1670,  554, 574,  546, 580,  544, 1630,  588, 1664,  554, 1670,  548, 574,  550, 576,  548,
                         572,  548, 580,  544, 578,  544, 536,  584, 536,  590, 568,  552, 1678,  540, 1640,  582, 
                         1670,  550, 1672,  548, 1676,  544, 5210,  4536, 4542,  550, 1678,  540, 572,  552, 1674,
                         544, 1678,  540, 578,  548, 584,  536, 1678,  542, 574,  550, 576,  546, 1670,  550, 540,
                         584, 572,  548, 1670,  552, 1668,  552, 570,  552, 1674,  544, 580,  544, 1668,  552, 1674,
                         546, 1668,  550, 1668,  550, 578,  542, 1638,  582, 1672,  548, 1672,  548, 572,  550, 582,
                         540, 582,  544, 572,  546, 1672,  548, 532,  592, 572,  546, 1680,  544, 1668,  550, 1668,
                         552, 578,  542, 574,  550, 574,  546, 538,  588, 582,  542, 570,  554, 570,  550, 534,  590,
                         1670,  550, 1668,  552, 1700,  520, 1666,  552, 1608,  612};  // COOLIX B27BE0

                         uint64_t data = 0xB27BE0;


 1384, room 16 
tail 8
chksum 0x2d
csum 0x2d
vbb28d4a3
~ld
Timestamp : 000093.102
Encoding  : COOLIX
Code      : B2BF00 (24 bits)
Mesg Desc.: Power: On, Fan: 5 (AUTO), Mode: 0 (COOL), Temp: 17C, Zone Follow: Off, Sensor Temp: Ignored
Library   : v2.5.1

Raw Timing[199]:
   +  4488, -  4528,    +   564, -  1634,    +   582, -   576,    +   550, -  1668, 
   +   550, -  1636,    +   584, -   536,    +   584, -   576,    +   548, -  1710, 
   +   512, -   570,    +   550, -   536,    +   586, -  1634,    +   588, -   574, 
   +   548, -   536,    +   586, -  1674,    +   546, -  1672,    +   550, -   578, 
   +   542, -  1630,    +   590, -  1630,    +   588, -   572,    +   550, -  1676, 
   +   540, -  1674,    +   548, -  1672,    +   548, -  1674,    +   546, -  1632, 
   +   588, -  1666,    +   554, -   538,    +   582, -  1670,    +   550, -   532, 
   +   592, -   572,    +   550, -   534,    +   586, -   576,    +   548, -   574, 
   +   546, -   614,    +   510, -   538,    +   584, -   534,    +   588, -   540, 
   +   582, -   540,    +   584, -   572,    +   552, -   610,    +   508, -   540, 
   +   588, -   570,    +   550, -  1710,    +   508, -  1638,    +   582, -  1634, 
   +   588, -  1636,    +   582, -  1672,    +   550, -  1678,    +   540, -  1672, 
   +   546, -  1678,    +   542, -  5258,    +  4488, -  4530,    +   562, -  1672, 
   +   548, -   536,    +   586, -  1670,    +   550, -  1628,    +   590, -   572, 
   +   552, -   572,    +   550, -  1678,    +   542, -   580,    +   540, -   574, 
   +   552, -  1634,    +   588, -   536,    +   584, -   580,    +   542, -  1678, 
   +   542, -  1674,    +   546, -   614,    +   510, -  1670,    +   550, -  1676, 
   +   544, -   538,    +   584, -  1634,    +   586, -  1668,    +   552, -  1630, 
   +   590, -  1658,    +   562, -  1670,    +   548, -  1670,    +   550, -   538, 
   +   584, -  1672,    +   546, -   578,    +   544, -   578,    +   544, -   540, 
   +   584, -   584,    +   538, -   534,    +   590, -   532,    +   590, -   610, 
   +   510, -   572,    +   550, -   574,    +   548, -   578,    +   544, -   542, 
   +   580, -   574,    +   548, -   580,    +   542, -   572,    +   554, -  1656, 
   +   562, -  1678,    +   542, -  1678,    +   538, -  1672,    +   550, -  1668, 
   +   550, -  1670,    +   550, -  1668,    +   552, -  1650,    +   568

uint16_t rawData[199] = {4488, 4528,  564, 1634,  582, 576,  550, 1668,  550, 1636,  584, 536,  584, 576,  548, 1710,  512, 570,  550, 536,  586, 1634,  588, 574,  548, 536,  586, 1674,  546, 1672,  550, 578,  542, 1630,  590, 1630,  588, 572,  550, 1676,  540, 1674,  548, 1672,  548, 1674,  546, 1632,  588, 1666,  554, 538,  582, 1670,  550, 532,  592, 572,  550, 534,  586, 576,  548, 574,  546, 614,  510, 538,  584, 534,  588, 540,  582, 540,  584, 572,  552, 610,  508, 540,  588, 570,  550, 1710,  508, 1638,  582, 1634,  588, 1636,  582, 1672,  550, 1678,  540, 1672,  546, 1678,  542, 5258,  4488, 4530,  562, 1672,  548, 536,  586, 1670,  550, 1628,  590, 572,  552, 572,  550, 1678,  542, 580,  540, 574,  552, 1634,  588, 536,  584, 580,  542, 1678,  542, 1674,  546, 614,  510, 1670,  550, 1676,  544, 538,  584, 1634,  586, 1668,  552, 1630,  590, 1658,  562, 1670,  548, 1670,  550, 538,  584, 1672,  546, 578,  544, 578,  544, 540,  584, 584,  538, 534,  590, 532,  590, 610,  510, 572,  550, 574,  548, 578,  544, 542,  580, 574,  548, 580,  542, 572,  554, 1656,  562, 1678,  542, 1678,  538, 1672,  550, 1668,  550, 1670,  550, 1668,  552, 1650,  568};  // COOLIX B2BF00
uint64_t data = 0xB2BF00;


Timestamp : 000095.477
Encoding  : COOLIX
Code      : B27BE0 (24 bits)
Mesg Desc.: Power: Off
Library   : v2.5.1

Raw Timing[199]:
   +  4492, -  4544,    +   548, -  1674,    +   546, -   538,    +   584, -  1638, 
   +   584, -  1674,    +   542, -   540,    +   584, -   580,    +   540, -  1676, 
   +   546, -   558,    +   564, -   584,    +   538, -  1674,    +   546, -   538, 
   +   584, -   538,    +   586, -  1680,    +   536, -  1638,    +   584, -   574, 
   +   548, -  1634,    +   584, -   540,    +   580, -  1676,    +   546, -  1670, 
   +   550, -  1674,    +   548, -  1636,    +   584, -   534,    +   588, -  1674, 
   +   546, -  1678,    +   540, -  1674,    +   544, -   544,    +   576, -   576, 
   +   550, -   534,    +   586, -   616,    +   506, -  1674,    +   548, -   574, 
   +   550, -   534,    +   588, -  1678,    +   540, -  1672,    +   546, -  1638, 
   +   584, -   536,    +   588, -   572,    +   548, -   576,    +   548, -   582, 
   +   540, -   608,    +   514, -   580,    +   542, -   586,    +   536, -   582, 
   +   540, -  1674,    +   544, -  1680,    +   542, -  1670,    +   548, -  1674, 
   +   544, -  1634,    +   586, -  5252,    +  4492, -  4548,    +   544, -  1634, 
   +   588, -   570,    +   552, -  1678,    +   538, -  1680,    +   544, -   574, 
   +   546, -   616,    +   506, -  1636,    +   584, -   536,    +   586, -   542, 
   +   578, -  1682,    +   542, -   538,    +   586, -   536,    +   582, -  1672, 
   +   550, -  1636,    +   580, -   540,    +   586, -  1638,    +   582, -   576, 
   +   546, -  1672,    +   546, -  1674,    +   548, -  1668,    +   552, -  1672, 
   +   544, -   536,    +   586, -  1680,    +   538, -  1680,    +   544, -  1670, 
   +   548, -   576,    +   546, -   576,    +   546, -   538,    +   584, -   580, 
   +   540, -  1674,    +   548, -   578,    +   548, -   576,    +   546, -  1674, 
   +   544, -  1668,    +   550, -  1632,    +   590, -   540,    +   584, -   536, 
   +   584, -   576,    +   548, -   538,    +   586, -   584,    +   536, -   576, 
   +   548, -   578,    +   548, -   580,    +   540, -  1678,    +   542, -  1670, 
   +   552, -  1672,    +   542, -  1670,    +   550, -  1682,    +   538

uint16_t rawData[199] = {4492, 4544,  548, 1674,  546, 538,  584, 1638,  584, 1674,  542, 540,  584, 580,  540, 1676,  546, 558,  564, 584,  538, 1674,  546, 538,  584, 538,  586, 1680,  536, 1638,  584, 574,  548, 1634,  584, 540,  580, 1676,  546, 1670,  550, 1674,  548, 1636,  584, 534,  588, 1674,  546, 1678,  540, 1674,  544, 544,  576, 576,  550, 534,  586, 616,  506, 1674,  548, 574,  550, 534,  588, 1678,  540, 1672,  546, 1638,  584, 536,  588, 572,  548, 576,  548, 582,  540, 608,  514, 580,  542, 586,  536, 582,  540, 1674,  544, 1680,  542, 1670,  548, 1674,  544, 1634,  586, 5252,  4492, 4548,  544, 1634,  588, 570,  552, 1678,  538, 1680,  544, 574,  546, 616,  506, 1636,  584, 536,  586, 542,  578, 1682,  542, 538,  586, 536,  582, 1672,  550, 1636,  580, 540,  586, 1638,  582, 576,  546, 1672,  546, 1674,  548, 1668,  552, 1672,  544, 536,  586, 1680,  538, 1680,  544, 1670,  548, 576,  546, 576,  546, 538,  584, 580,  540, 1674,  548, 578,  548, 576,  546, 1674,  544, 1668,  550, 1632,  590, 540,  584, 536,  584, 576,  548, 538,  586, 584,  536, 576,  548, 578,  548, 580,  540, 1678,  542, 1670,  552, 1672,  542, 1670,  550, 1682,  538};  // COOLIX B27BE0
uint64_t data = 0xB27BE0;


Timestamp : 000098.179
Encoding  : COOLIX
Code      : B2BF00 (24 bits)
Mesg Desc.: Power: On, Fan: 5 (AUTO), Mode: 0 (COOL), Temp: 17C, Zone Follow: Off, Sensor Temp: Ignored
Library   : v2.5.1

Raw Timing[199]:
   +  4494, -  4546,    +   548, -  1632,    +   590, -   572,    +   548, -  1672, 
   +   548, -  1676,    +   546, -   568,    +   554, -   578,    +   542, -  1638, 
   +   582, -   534,    +   588, -   578,    +   546, -  1674,    +   544, -   574, 
   +   550, -   578,    +   542, -  1670,    +   550, -  1670,    +   550, -   570, 
   +   552, -  1666,    +   552, -  1672,    +   548, -   578,    +   546, -  1674, 
   +   544, -  1670,    +   550, -  1674,    +   546, -  1668,    +   550, -  1670, 
   +   550, -  1632,    +   586, -   572,    +   552, -  1680,    +   538, -   582, 
   +   542, -   582,    +   540, -   574,    +   552, -   570,    +   550, -   576, 
   +   546, -   576,    +   552, -   576,    +   542, -   572,    +   552, -   580, 
   +   544, -   564,    +   558, -   582,    +   542, -   572,    +   550, -   530, 
   +   590, -   578,    +   548, -  1674,    +   542, -  1672,    +   552, -  1674, 
   +   544, -  1638,    +   582, -  1678,    +   542, -  1708,    +   512, -  1668, 
   +   550, -  1632,    +   590, -  5248,    +  4496, -  4540,    +   552, -  1666, 
   +   554, -   580,    +   540, -  1670,    +   554, -  1676,    +   540, -   576, 
   +   550, -   578,    +   542, -  1674,    +   546, -   570,    +   552, -   572, 
   +   548, -  1630,    +   592, -   578,    +   540, -   572,    +   554, -  1672, 
   +   546, -  1630,    +   590, -   534,    +   590, -  1672,    +   544, -  1670, 
   +   554, -   576,    +   542, -  1678,    +   544, -  1666,    +   554, -  1678, 
   +   540, -  1678,    +   542, -  1674,    +   548, -  1666,    +   552, -   534, 
   +   590, -  1676,    +   540, -   540,    +   584, -   570,    +   552, -   534, 
   +   588, -   576,    +   546, -   574,    +   548, -   614,    +   508, -   576, 
   +   548, -   586,    +   540, -   610,    +   512, -   532,    +   592, -   570, 
   +   552, -   538,    +   582, -   578,    +   548, -   610,    +   510, -  1676, 
   +   544, -  1636,    +   584, -  1630,    +   590, -  1678,    +   542, -  1668, 
   +   552, -  1634,    +   586, -  1630,    +   588, -  1674,    +   546

uint16_t rawData[199] = {4494, 4546,  548, 1632,  590, 572,  548, 1672,  548, 1676,  546, 568,  554, 578,  542, 1638,  582, 534,  588, 578,  546, 1674,  544, 574,  550, 578,  542, 1670,  550, 1670,  550, 570,  552, 1666,  552, 1672,  548, 578,  546, 1674,  544, 1670,  550, 1674,  546, 1668,  550, 1670,  550, 1632,  586, 572,  552, 1680,  538, 582,  542, 582,  540, 574,  552, 570,  550, 576,  546, 576,  552, 576,  542, 572,  552, 580,  544, 564,  558, 582,  542, 572,  550, 530,  590, 578,  548, 1674,  542, 1672,  552, 1674,  544, 1638,  582, 1678,  542, 1708,  512, 1668,  550, 1632,  590, 5248,  4496, 4540,  552, 1666,  554, 580,  540, 1670,  554, 1676,  540, 576,  550, 578,  542, 1674,  546, 570,  552, 572,  548, 1630,  592, 578,  540, 572,  554, 1672,  546, 1630,  590, 534,  590, 1672,  544, 1670,  554, 576,  542, 1678,  544, 1666,  554, 1678,  540, 1678,  542, 1674,  548, 1666,  552, 534,  590, 1676,  540, 540,  584, 570,  552, 534,  588, 576,  546, 574,  548, 614,  508, 576,  548, 586,  540, 610,  512, 532,  592, 570,  552, 538,  582, 578,  548, 610,  510, 1676,  544, 1636,  584, 1630,  590, 1678,  542, 1668,  552, 1634,  586, 1630,  588, 1674,  546};  // COOLIX B2BF00
uint64_t data = 0xB2BF00;


Timestamp : 000099.957
Encoding  : COOLIX
Code      : B27BE0 (24 bits)
Mesg Desc.: Power: Off
Library   : v2.5.1

Raw Timing[199]:
   +  4496, -  4538,    +   552, -  1700,    +   520, -   578,    +   544, -  1668, 
   +   552, -  1632,    +   584, -   572,    +   552, -   574,    +   548, -  1670, 
   +   552, -   578,    +   544, -   574,    +   548, -  1672,    +   550, -   570, 
   +   550, -   580,    +   542, -  1710,    +   512, -  1676,    +   542, -   568, 
   +   552, -  1672,    +   548, -   532,    +   592, -  1666,    +   550, -  1670, 
   +   554, -  1666,    +   550, -  1670,    +   550, -   530,    +   592, -  1670, 
   +   550, -  1666,    +   552, -  1672,    +   548, -   572,    +   550, -   582, 
   +   544, -   570,    +   552, -   574,    +   548, -  1668,    +   552, -   576, 
   +   546, -   610,    +   510, -  1636,    +   584, -  1636,    +   584, -  1666, 
   +   554, -   570,    +   554, -   568,    +   556, -   570,    +   552, -   574, 
   +   546, -   572,    +   554, -   570,    +   552, -   570,    +   554, -   576, 
   +   542, -  1674,    +   550, -  1668,    +   550, -  1624,    +   598, -  1662, 
   +   556, -  1668,    +   550, -  5250,    +  4492, -  4542,    +   554, -  1668, 
   +   548, -   536,    +   584, -  1670,    +   552, -  1668,    +   552, -   566, 
   +   556, -   578,    +   542, -  1674,    +   546, -   576,    +   546, -   534, 
   +   588, -  1670,    +   552, -   532,    +   594, -   570,    +   552, -  1672, 
   +   548, -  1666,    +   552, -   574,    +   548, -  1668,    +   550, -   578, 
   +   544, -  1680,    +   542, -  1676,    +   542, -  1672,    +   550, -  1666, 
   +   554, -   574,    +   546, -  1630,    +   592, -  1670,    +   546, -  1668, 
   +   554, -   572,    +   550, -   570,    +   552, -   572,    +   550, -   572, 
   +   552, -  1666,    +   552, -   566,    +   556, -   572,    +   550, -  1658, 
   +   560, -  1668,    +   552, -  1668,    +   550, -   536,    +   590, -   574, 
   +   544, -   572,    +   554, -   570,    +   550, -   572,    +   552, -   532, 
   +   590, -   572,    +   550, -   570,    +   554, -  1610,    +   608, -  1668, 
   +   554, -  1670,    +   552, -  1668,    +   550, -  1634,    +   586

uint16_t rawData[199] = {4496, 4538,  552, 1700,  520, 578,  544, 1668,  552, 1632,  584, 572,  552, 574,  548, 1670,  552, 578,  544, 574,  548, 1672,  550, 570,  550, 580,  542, 1710,  512, 1676,  542, 568,  552, 1672,  548, 532,  592, 1666,  550, 1670,  554, 1666,  550, 1670,  550, 530,  592, 1670,  550, 1666,  552, 1672,  548, 572,  550, 582,  544, 570,  552, 574,  548, 1668,  552, 576,  546, 610,  510, 1636,  584, 1636,  584, 1666,  554, 570,  554, 568,  556, 570,  552, 574,  546, 572,  554, 570,  552, 570,  554, 576,  542, 1674,  550, 1668,  550, 1624,  598, 1662,  556, 1668,  550, 5250,  4492, 4542,  554, 1668,  548, 536,  584, 1670,  552, 1668,  552, 566,  556, 578,  542, 1674,  546, 576,  546, 534,  588, 1670,  552, 532,  594, 570,  552, 1672,  548, 1666,  552, 574,  548, 1668,  550, 578,  544, 1680,  542, 1676,  542, 1672,  550, 1666,  554, 574,  546, 1630,  592, 1670,  546, 1668,  554, 572,  550, 570,  552, 572,  550, 572,  552, 1666,  552, 566,  556, 572,  550, 1658,  560, 1668,  552, 1668,  550, 536,  590, 574,  544, 572,  554, 570,  550, 572,  552, 532,  590, 572,  550, 570,  554, 1610,  608, 1668,  554, 1670,  552, 1668,  550, 1634,  586};  // COOLIX B27BE0
uint64_t data = 0xB27BE0;














}
